1607942137337	16
1607942137337	22
1607942137337	14
1607942137813	24
1607942137813	51
1607942137813	17
1607942137813	15
1607942137813	17
1607942137813	24
1607942137813	13
1607942137813	33
1607942137813	14
1607942137813	11
1607942137813	21
1607942137813	29
1607942137813	21
1607942137813	44
1607942137813	7
1607942137813	25
1607942137813	9
1607942137813	9
1607942137813	17
1607942137813	8
1607942137813	12
1607942137813	37
1607942137813	6
1607942137813	10
1607942137813	9
1607942137813	20
1607942137813	8
1607942137813	8
1607942137813	12
1607942137813	6
1607942137813	7
1607942137813	7
1607942137813	18
1607942137813	18
1607942137813	5
1607942137813	4
1607942137813	4
1607942137813	4
1607942137813	4
1607942137813	3
1607942137813	4
1607942137813	33
1607942137813	41
1607942137813	23
1607942137813	87
1607942137813	7
1607942137813	24
1607942137813	14
1607942137813	25
1607942137813	17
1607942137813	18
1607942137813	9
1607942137813	19
1607942137813	14
1607942137813	18
1607942137813	27
1607942137813	26
1607942137813	10
1607942137813	23
1607942137813	20
1607942137813	5
1607942137813	13
1607942137813	3
1607942137813	41
1607942137813	14
1607942137813	37
1607942137813	71
1607942137813	24
1607942137813	34
1607942137813	41
1607942137813	63
1607942137813	41
1607942137813	18
1607942137813	11
1607942137813	20
1607942137813	31
1607942137813	33
1607942137813	24
1607942137813	12
1607942137813	15
1607942137813	34
1607942137813	10
1607942137813	10
1607942137813	28
1607942137813	7
1607942137813	12
1607942137813	33
1607942137813	33
1607942137813	18
1607942137813	6
1607942137813	27
1607942137813	16
1607942137813	17
1607942137813	13
1607942137813	16
1607942137813	12
1607942137813	41
1607942137813	18
1607942137813	9
1607942137813	22
1607942137813	23
1607942137813	8
1607942137813	8
1607942137813	16
1607942137813	8
1607942137813	16
1607942137813	30
1607942137813	19
1607942137813	9
1607942137813	13
1607942137813	12
1607942137813	17
1607942137813	9
1607942137813	11
1607942137813	5
1607942137813	49
1607942137813	24
1607942137813	44
1607942137813	10
1607942137813	11
1607942137813	47
1607942137813	15
1607942137813	8
1607942137813	5
1607942137813	77
1607942137813	61
1607942137813	60
1607942137813	21
1607942137813	10
1607942137813	13
1607942137813	53
1607942137813	13
1607942137813	48
1607942137813	15
1607942137813	3
1607942137813	3
1607942137813	3
1607942137813	3
1607942137813	29
1607942137813	29
1607942137813	29
1607942137813	71
1607942137813	59
1607942137813	43
1607942137813	40
1607942137813	18
1607942137813	13
1607942137813	21
1607942137813	27
1607942137813	24
1607942137813	45
1607942137813	35
1607942137813	8
1607942137813	26
1607942137813	24
1607942137813	18
1607942137813	64
1607942137813	53
1607942137813	30
1607942137813	23
1607942137813	15
1607942137813	77
1607942137813	27
1607942137813	7
1607942137813	17
1607942137813	24
1607942137813	10
1607942137813	14
1607942137813	17
1607942137813	10
1607942137813	32
1607942137813	34
1607942137813	25
1607942137813	6
1607942137813	40
1607942137813	40
1607942137813	42
1607942137813	26
1607942137813	21
1607942137813	15
1607942137813	23
1607942137813	9
1607942137813	15
1607942137813	8
1607942137813	27
1607942137813	7
1607942137813	25
1607942137813	7
1607942137813	9
1607942137813	5
1607942137813	28
1607942137813	12
1607942137813	17
1607942137813	5
1607942137813	14
1607942137813	20
1607942137813	9
1607942137813	44
1607942137813	11
1607942137813	7
1607942137813	43
1607942138322	4
1607942138322	44
1607942138322	14
1607942138322	17
1607942138322	21
1607942138322	23
1607942138322	4
1607942138322	55
1607942138322	12
1607942138322	22
1607942138322	24
1607942138322	29
1607942138322	13
1607942138322	16
1607942138322	14
1607942138322	17
1607942138322	5
1607942138322	5
1607942138322	11
1607942138322	21
1607942138322	12
1607942138322	24
1607942138322	18
1607942138322	17
1607942138322	23
1607942138322	27
1607942138322	11
1607942138322	46
1607942138322	12
1607942138322	24
1607942138322	17
1607942138322	27
1607942138322	74
1607942138322	9
1607942138322	35
1607942138322	26
1607942138322	13
1607942138322	31
1607942138322	25
1607942138322	17
1607942138322	12
1607942138322	7
1607942138322	13
1607942138322	13
1607942138322	22
1607942138322	19
1607942138322	17
1607942138322	14
1607942138322	11
1607942138322	39
1607942138322	22
1607942138322	8
1607942138322	19
1607942138322	6
1607942138322	7
1607942138322	18
1607942138322	8
1607942138322	7
1607942138322	9
1607942138322	21
1607942138322	11
1607942138322	11
1607942138322	6
1607942138322	13
1607942138322	37
1607942138322	7
1607942138322	5
1607942138322	14
1607942138322	5
1607942138322	2
1607942138322	3
1607942138322	3
1607942138322	4
1607942138468	10
1607942138468	8
1607942138468	24
1607942138468	8
1607942138468	12
1607942138468	12
1607942138468	19
1607942138468	26
1607942138468	17
1607942138468	9
1607942138468	18
1607942138468	5
1607942138468	4
1607942138468	3
1607942138468	4
1607942138468	3
1607942138468	12
1607942138468	20
1607942138468	12
1607942138468	6
1607942138468	4
1607942138468	20
1607942138468	20
1607942138468	20
1607942138468	17
1607942138468	10
1607942138468	14
1607942138468	10
1607942138468	26
1607942138468	12
1607942138468	30
1607942138468	29
1607942138468	20
1607942138468	11
1607942138468	20
1607942138468	19
1607942138468	12
1607942138468	18
1607942138468	61
1607942138468	32
1607942138468	27
1607942138468	15
1607942138468	10
1607942138468	11
1607942138468	12
1607942138468	10
1607942138468	9
1607942138468	10
1607942138468	20
1607942138468	19
1607942138468	18
1607942138468	10
1607942138468	22
1607942138468	23
1607942138468	11
1607942138468	11
1607942138468	6
1607942138468	8
1607942138468	10
1607942138468	25
1607942138468	4
1607942138468	18
1607942138468	10
1607942138468	21
1607942138468	23
1607942138468	9
1607942138468	10
1607942138468	9
1607942138468	15
1607942138468	10
1607942138468	4
1607942138468	4
1607942138468	35
1607942138468	11
1607942138468	7
1607942138468	15
1607942138468	13
1607942138468	10
1607942138468	9
1607942138468	14
1607942138468	9
1607942138468	12
1607942138468	5
1607942138468	16
1607942138468	2
1607942138468	3
1607942138630	11
1607942138630	18
1607942138630	18
1607942138630	24
1607942138630	30
1607942138630	13
1607942138630	16
1607942138630	12
1607942138630	26
1607942138630	8
1607942138630	31
1607942138630	10
1607942138630	25
1607942138630	11
1607942138630	26
1607942138630	30
1607942138630	52
1607942138630	40
1607942138630	2
1607942138630	41
1607942138630	41
1607942138630	18
1607942138630	25
1607942138630	21
1607942138630	17
1607942138630	9
1607942138630	5
1607942138630	8
1607942138630	6
1607942138630	7
1607942138630	7
1607942138630	9
1607942138630	7
1607942138630	15
1607942138630	39
1607942138630	7
1607942138630	24
1607942138630	16
1607942138630	3
1607942138630	4
1607942138630	4
1607942138630	3
1607942138630	4
1607942138630	44
1607942138630	11
1607942138630	15
1607942138630	3
1607942138630	24
1607942138630	4
1607942138630	16
1607942138630	3
1607942138630	11
1607942138630	21
1607942138630	4
1607942138630	18
1607942138630	31
1607942138630	46
1607942138630	34
1607942138630	34
1607942138630	10
1607942138630	16
1607942138765	7
1607942138765	17
1607942138765	46
1607942138765	31
1607942138765	19
1607942138765	35
1607942138765	38
1607942138765	11
1607942138765	30
1607942138765	39
1607942138765	23
1607942138765	27
1607942138765	11
1607942138765	34
1607942138765	40
1607942138765	49
1607942138765	18
1607942138765	36
1607942138765	37
1607942138765	25
1607942138765	38
1607942138765	46
1607942138765	39
1607942138765	12
1607942138765	35
1607942138765	15
1607942138765	7
1607942138765	49
1607942138765	37
1607942138765	29
1607942138765	8
1607942138765	81
1607942138765	32
1607942138765	25
1607942138765	13
1607942138765	36
1607942138765	14
1607942138765	40
1607942138765	20
1607942138765	7
1607942138765	26
1607942138765	52
1607942138765	30
1607942138765	28
1607942138765	8
1607942138765	12
1607942138765	49
1607942138765	8
1607942138765	22
1607942138765	38
1607942138765	37
1607942138765	49
1607942138765	30
1607942138765	19
1607942138765	17
1607942138765	13
1607942138765	27
1607942138765	6
1607942138765	25
1607942138765	12
1607942138765	69
1607942138765	20
1607942138765	13
1607942138765	29
1607942138765	9
1607942138765	59
1607942138765	12
1607942138765	38
1607942138765	16
1607942138765	43
1607942138765	9
1607942138765	26
1607942138765	21
1607942138765	58
1607942138765	11
1607942138765	26
1607942138765	15
1607942138765	24
1607942138765	21
1607942138765	10
1607942138765	29
1607942138765	14
1607942138765	14
1607942138765	55
1607942138765	6
1607942138765	35
1607942138765	41
1607942138765	64
1607942138765	82
1607942138765	9
1607942138765	6
1607942138765	23
1607942138765	9
1607942138765	30
1607942138765	33
1607942138765	19
1607942138765	44
1607942138765	15
1607942138765	42
1607942138765	19
1607942138765	30
1607942138765	26
1607942138765	36
1607942138765	40
1607942138765	22
1607942138765	28
1607942138765	30
1607942138765	13
1607942138765	10
1607942138765	20
1607942138765	44
1607942138765	9
1607942138765	10
1607942138765	19
1607942138765	40
1607942138765	11
1607942138765	30
1607942138765	24
1607942138765	26
1607942138765	36
1607942138765	37
1607942138765	18
1607942138765	27
1607942138765	21
1607942138765	29
1607942138765	10
1607942138765	12
1607942138765	23
1607942138765	8
1607942138765	6
1607942138765	47
1607942138765	13
1607942138765	12
1607942138765	19
1607942138765	6
1607942138765	27
1607942138765	26
1607942138765	20
1607942138765	18
1607942138765	13
1607942138765	58
1607942138765	20
1607942138765	38
1607942138765	9
1607942138765	17
1607942138765	20
1607942138765	15
1607942138765	28
1607942138765	18
1607942138765	17
1607942138765	34
1607942138765	34
1607942138765	20
1607942138765	9
1607942138765	17
1607942138765	10
1607942138765	26
1607942138765	12
1607942138765	21
1607942138765	12
1607942138765	35
1607942138765	26
1607942138765	21
1607942138765	12
1607942138765	6
1607942138765	9
1607942138765	13
1607942138765	17
1607942138765	15
1607942138765	22
1607942138765	7
1607942138765	12
1607942138765	37
1607942138765	9
1607942138765	39
1607942138765	30
1607942138765	16
1607942138765	14
1607942138765	11
1607942138765	174
1607942138765	7
1607942138765	28
1607942138765	7
1607942138765	35
1607942138765	14
1607942138765	45
1607942138765	17
1607942138765	9
1607942138765	11
1607942138765	10
1607942138765	10
1607942138765	11
1607942138765	8
1607942138765	13
1607942138765	18
1607942138765	7
1607942138765	15
1607942138765	10
1607942138765	21
1607942138765	35
1607942138765	31
1607942138765	11
1607942138765	8
1607942138765	15
1607942138765	6
1607942138765	16
1607942138765	35
1607942138765	15
1607942138765	26
1607942138765	28
1607942138765	11
1607942138765	5
1607942138765	20
1607942138765	21
1607942138765	16
1607942138765	20
1607942138765	21
1607942138765	10
1607942138765	34
1607942138765	8
1607942138765	29
1607942138765	14
1607942138765	12
1607942138765	17
1607942138765	21
1607942138765	19
1607942138765	25
1607942138765	5
1607942138765	7
1607942138765	18
1607942138765	13
1607942138765	19
1607942138765	15
1607942138765	24
1607942138765	17
1607942138765	15
1607942138765	9
1607942138765	35
1607942138765	20
1607942138765	11
1607942138765	8
1607942138765	13
1607942138765	12
1607942138765	18
1607942138765	18
1607942138765	10
1607942138765	11
1607942138765	22
1607942138765	8
1607942138765	11
1607942138765	12
1607942138765	9
1607942138765	9
1607942138765	13
1607942138765	9
1607942138765	25
1607942138765	8
1607942138765	13
1607942138765	16
1607942138765	33
1607942138765	11
1607942138765	12
1607942138765	26
1607942138765	9
1607942138765	20
1607942138765	8
1607942138765	8
1607942138765	12
1607942138765	14
1607942138765	10
1607942138765	9
1607942138765	11
1607942138765	16
1607942138765	12
1607942138765	13
1607942138765	9
1607942138765	16
1607942138765	10
1607942138765	12
1607942138765	9
1607942138765	13
1607942138765	8
1607942138765	6
1607942138765	14
1607942138765	6
1607942138765	8
1607942138765	6
1607942138765	7
1607942138765	7
1607942138765	6
1607942138765	15
1607942138765	6
1607942138765	5
1607942138765	12
1607942138765	8
1607942138765	7
1607942138765	17
1607942138765	5
1607942138765	6
1607942138765	8
1607942138765	12
1607942138765	15
1607942138765	7
1607942138765	5
1607942138765	6
1607942138765	6
1607942138765	5
1607942138765	5
1607942138765	5
1607942138765	7
1607942138765	7
1607942138765	4
1607942138765	3
1607942138765	2
1607942138765	4
1607942138765	4
1607942138765	4
1607942138765	4
1607942138765	3
1607942138765	4
1607942138765	4
1607942138765	4
1607942138765	4
1607942138765	4
1607942138765	3
1607942138765	4
1607942138765	3
1607942138765	3
1607942138765	1
1607942138765	3
1607942138765	4
1607942138765	13
1607942138765	21
1607942138765	7
1607942138765	7
1607942138765	4
1607942138765	4
1607942138765	3
1607942138765	25
1607942138765	12
1607942138765	20
1607942138765	11
1607942138765	18
1607942138765	28
1607942138765	16
1607942138765	28
1607942138765	26
1607942138765	14
1607942138765	13
1607942138765	9
1607942138765	74
1607942138765	15
1607942138765	25
1607942138765	13
1607942138765	16
1607942138765	11
1607942138765	12
1607942138765	9
1607942138765	21
1607942138765	8
1607942138765	10
1607942138765	19
1607942138765	9
1607942138765	7
1607942138765	6
1607942138765	5
1607942138765	4
1607942138765	4
1607942138765	22
1607942138765	57
1607942138765	35
1607942138765	25
1607942138765	16
1607942138765	129
1607942138765	45
1607942138765	17
1607942138765	21
1607942138765	28
1607942138765	20
1607942138765	22
1607942138765	18
1607942138765	18
1607942138765	28
1607942138765	24
1607942138765	15
1607942138765	17
1607942138765	72
1607942138765	17
1607942138765	33
1607942138765	11
1607942138765	17
1607942138765	124
1607942138765	16
1607942138765	18
1607942138765	14
1607942138765	29
1607942138765	39
1607942138765	15
1607942138765	25
1607942138765	9
1607942138765	20
1607942138765	18
1607942138765	18
1607942138765	18
1607942138765	18
1607942138765	8
1607942138765	33
1607942138765	30
1607942138765	11
1607942138765	37
1607942138765	25
1607942138765	14
1607942138765	16
1607942138765	13
1607942138765	14
1607942138765	12
1607942138765	7
1607942138765	25
1607942138765	7
1607942138765	8
1607942138765	45
1607942138765	28
1607942138765	8
1607942138765	11
1607942138765	18
1607942138765	21
1607942138765	14
1607942138765	19
1607942138765	17
1607942138765	18
1607942138765	10
1607942138765	22
1607942138765	12
1607942138765	14
1607942138765	13
1607942138765	15
1607942138765	13
1607942138765	14
1607942138765	45
1607942138765	6
1607942138765	29
1607942138765	10
1607942138765	11
1607942138765	9
1607942138765	31
1607942138765	5
1607942138765	23
1607942138765	9
1607942138765	20
1607942138765	10
1607942138765	30
1607942138765	21
1607942138765	13
1607942138765	17
1607942138765	13
1607942138765	9
1607942138765	10
1607942138765	11
1607942138765	24
1607942138765	26
1607942138765	16
1607942138765	16
1607942138765	17
1607942138765	19
1607942138765	12
1607942138765	14
1607942138765	14
1607942138765	27
1607942138765	9
1607942138765	13
1607942138765	12
1607942138765	14
1607942138765	15
1607942138765	10
1607942138765	18
1607942138765	36
1607942138765	21
1607942138765	28
1607942138765	11
1607942138765	35
1607942138765	11
1607942138765	13
1607942138765	7
1607942138765	14
1607942138765	17
1607942138765	8
1607942138765	19
1607942138765	7
1607942138765	5
1607942138765	14
1607942138765	16
1607942138765	12
1607942138765	7
1607942138765	7
1607942138765	18
1607942138765	5
1607942138765	5
1607942138765	5
1607942138765	5
1607942138765	9
1607942138765	6
1607942138765	7
1607942138765	80
1607942138765	18
1607942138765	19
1607942138765	18
1607942138765	7
1607942138765	18
1607942138765	9
1607942138765	20
1607942138765	4
1607942138765	19
1607942138765	68
1607942138765	16
1607942138765	18
1607942138765	38
1607942138765	5
1607942138765	7
1607942138765	27
1607942138765	5
1607942138765	16
1607942138765	10
1607942138765	9
1607942138765	24
1607942138765	15
1607942138765	15
1607942138765	9
1607942138765	7
1607942138765	8
1607942138765	11
1607942138765	11
1607942138765	22
1607942138765	9
1607942138765	4
1607942138765	7
1607942138765	7
1607942138765	18
1607942138765	44
1607942138765	12
1607942138765	7
1607942138765	13
1607942138765	15
1607942138765	6
1607942138765	44
1607942138765	10
1607942138765	5
1607942138765	26
1607942138765	28
1607942138765	11
1607942138765	27
1607942138765	16
1607942138765	12
1607942138765	13
1607942138765	12
1607942138765	6
1607942138765	17
1607942138765	21
1607942138765	9
1607942138765	13
1607942138765	6
1607942138765	8
1607942138765	30
1607942138765	45
1607942138765	8
1607942138765	45
1607942138765	15
1607942138765	9
1607942138765	11
1607942138765	16
1607942138765	25
1607942138765	5
1607942138765	57
1607942138765	46
1607942138765	10
1607942138765	25
1607942138765	9
1607942138765	6
1607942138765	16
1607942138765	13
1607942138765	12
1607942138765	35
1607942138765	9
1607942138765	28
1607942138765	6
1607942138765	21
1607942138765	36
1607942138765	18
1607942138765	17
1607942138765	35
1607942138765	26
1607942138765	2
1607942138765	3
1607942138765	30
1607942138765	6
1607942138765	16
1607942138765	4
1607942138765	4
1607942138765	45
1607942138765	22
1607942138765	14
1607942138765	24
1607942138765	12
1607942138765	11
1607942138765	14
1607942138765	35
1607942138765	25
1607942138765	29
1607942138765	16
1607942138765	15
1607942138765	19
1607942138765	35
1607942138765	13
1607942138765	9
1607942138765	6
1607942138765	10
1607942138765	15
1607942138765	8
1607942138765	9
1607942138765	5
1607942138765	40
1607942138765	8
1607942138765	20
1607942138765	13
1607942138765	11
1607942138765	39
1607942138765	21
1607942138765	12
1607942138765	19
1607942138765	14
1607942138765	4
1607942138765	5
1607942138765	11
1607942138765	26
1607942138765	12
1607942138765	28
1607942138765	6
1607942138765	20
1607942138765	13
1607942138765	22
1607942138765	4
1607942138765	26
1607942138765	15
1607942138765	27
1607942138765	14
1607942138765	7
1607942138765	11
1607942138765	24
1607942138765	12
1607942138765	17
1607942138765	13
1607942138765	5
1607942138765	23
1607942138765	20
1607942138765	12
1607942138765	26
1607942138765	18
1607942138765	13
1607942138765	33
1607942138765	7
1607942138765	4
1607942138765	11
1607942138765	3
1607942138765	15
1607942138765	31
1607942138765	6
1607942138765	60
1607942138765	8
1607942138765	5
1607942138765	6
1607942138765	33
1607942138765	14
1607942138765	6
1607942138765	8
1607942138765	19
1607942138765	14
1607942138765	13
1607942138765	9
1607942138765	6
1607942138765	10
1607942138765	28
1607942138765	16
1607942138765	17
1607942138765	4
1607942138765	45
1607942138765	11
1607942138765	17
1607942138765	6
1607942138765	16
1607942138765	9
1607942138765	28
1607942138765	29
1607942138765	10
1607942138765	40
1607942138765	17
1607942138765	9
1607942138765	38
1607942138765	30
1607942138765	18
1607942138765	18
1607942138765	19
1607942138765	22
1607942138765	16
1607942138765	27
1607942138765	16
1607942138765	16
1607942138765	31
1607942138765	41
1607942138765	14
1607942138765	13
1607942138765	24
1607942138765	9
1607942138765	11
1607942138765	10
1607942138765	10
1607942138765	13
1607942138765	10
1607942138765	13
1607942138765	14
1607942138765	11
1607942138765	24
1607942138765	31
1607942138765	21
1607942138765	39
1607942138765	13
1607942138765	13
1607942138765	4
1607942138765	16
1607942138765	18
1607942138765	12
1607942138765	23
1607942138765	11
1607942138765	23
1607942138765	13
1607942138765	9
1607942138765	18
1607942138765	15
1607942138765	25
1607942138765	13
1607942138765	15
1607942138765	14
1607942138765	7
1607942138765	12
1607942138765	6
1607942138765	32
1607942138765	11
1607942138765	51
1607942138765	17
1607942138765	8
1607942138765	31
1607942138765	21
1607942138765	91
1607942138765	100
1607942138765	15
1607942138765	7
1607942138765	5
1607942138765	3
1607942138765	12
1607942138765	7
1607942138765	53
1607942138765	25
1607942138765	5
1607942138765	30
1607942138765	16
1607942138765	30
1607942138765	74
1607942138765	25
1607942138765	23
1607942138765	35
1607942138765	33
1607942138765	26
1607942138765	3
1607942138765	5
1607942138765	8
1607942138765	11
1607942138765	17
1607942138765	17
1607942138765	12
1607942138765	11
1607942138765	10
1607942138765	6
1607942138765	6
1607942138765	10
1607942138765	19
1607942138765	4
1607942138765	13
1607942138765	34
1607942138765	20
1607942138765	14
1607942138765	9
1607942138765	8
1607942138765	5
1607942138765	22
1607942138765	11
1607942138765	9
1607942138765	7
1607942138765	20
1607942138765	4
1607942138765	12
1607942138765	4
1607942138765	6
1607942138765	8
1607942138765	15
1607942138765	25
1607942138765	6
1607942138765	14
1607942138765	10
1607942138765	20
1607942138765	5
1607942138765	5
1607942138765	18
1607942138765	6
1607942138765	7
1607942138765	18
1607942138765	17
1607942138765	10
1607942138765	15
1607942138765	15
1607942138765	4
1607942138765	12
1607942138765	10
1607942138765	13
1607942138765	11
1607942138765	11
1607942138765	34
1607942138765	13
1607942138765	41
1607942138765	6
1607942138765	16
1607942138765	33
1607942138765	64
1607942138765	15
1607942138765	2
1607942138765	5
1607942138765	19
1607942138765	7
1607942138765	19
1607942138765	14
1607942138765	12
1607942138765	25
1607942138765	3
1607942138765	6
1607942138765	42
1607942138765	6
1607942138765	15
1607942139979	15
1607942139979	15
1607942139979	30
1607942139989	16
1607942139989	35
1607942139989	5
1607942139989	50
1607942139989	15
1607942139989	9
1607942139989	31
1607942139989	27
1607942139989	18
1607942139989	23
1607942139989	5
1607942139989	21
1607942139989	54
1607942139989	39
1607942139989	5
1607942139989	10
1607942139989	51
1607942139989	24
1607942139989	18
1607942139989	31
1607942139989	33
1607942139989	18
1607942139989	41
1607942139989	19
1607942139989	8
1607942139989	27
1607942139989	68
1607942139989	65
1607942139989	34
1607942139989	15
1607942139989	18
1607942139989	20
1607942139989	18
1607942139989	22
1607942139989	16
1607942139989	34
1607942139989	19
1607942139989	20
1607942139989	20
1607942139989	8
1607942139989	23
1607942139989	11
1607942139989	12
1607942139989	29
1607942139989	15
1607942139989	10
1607942139989	24
1607942139989	11
1607942139989	12
1607942139989	13
1607942139989	7
1607942139989	14
1607942139989	38
1607942139989	22
1607942139989	10
1607942139989	9
1607942139989	15
1607942139989	35
1607942139989	7
1607942139989	12
1607942139989	6
1607942139989	5
1607942139989	5
1607942139989	16
1607942139989	6
1607942139989	5
1607942139989	20
1607942139989	14
1607942139989	70
1607942139989	16
1607942139989	7
1607942139989	78
1607942139989	18
1607942139989	5
1607942139989	9
1607942139989	9
1607942139989	28
1607942139989	5
1607942139989	13
1607942139989	23
1607942139989	11
1607942139989	13
1607942139989	8
1607942139989	12
1607942139989	25
1607942139989	10
1607942139989	8
1607942139989	18
1607942139989	19
1607942139989	18
1607942139989	7
1607942139989	14
1607942139989	40
1607942139989	12
1607942139989	21
1607942139989	5
1607942139989	32
1607942139989	12
1607942139989	7
1607942139989	22
1607942139989	13
1607942139989	10
1607942139989	31
1607942139989	15
1607942139989	17
1607942139989	12
1607942139989	13
1607942139989	15
1607942139989	8
1607942139989	19
1607942139989	4
1607942139989	31
1607942139989	9
1607942139989	4
1607942139989	9
1607942139989	5
1607942139989	60
1607942139989	4
1607942139989	4
1607942139989	4
1607942139989	7
1607942139989	4
1607942139989	13
1607942139989	7
1607942139989	6
1607942139989	18
1607942139989	6
1607942139989	9
1607942139989	31
1607942139989	5
1607942139989	6
1607942139989	5
1607942139989	10
1607942139989	9
1607942139989	20
1607942139989	18
1607942139989	5
1607942139989	22
1607942139989	7
1607942139989	13
1607942139989	20
1607942139989	4
1607942139989	8
1607942139989	25
1607942139989	8
1607942139989	14
1607942139989	9
1607942139989	4
1607942139989	32
1607942139989	4
1607942139989	4
1607942139989	4
1607942139989	4
1607942139989	2
1607942139989	4
1607942139989	2
1607942139989	2
1607942139989	4
1607942139989	4
1607942139989	4
1607942139989	4
1607942139989	4
1607942139989	3
1607942139989	2
1607942139989	2
1607942139989	3
1607942139989	4
1607942139989	2
1607942139989	6
1607942139989	18
1607942139989	41
1607942139989	26
1607942139989	2
1607942139989	39
1607942139989	44
1607942139989	16
1607942139989	36
1607942139989	28
1607942139989	10
1607942139989	11
1607942139989	16
1607942139989	20
1607942139989	22
1607942139989	15
1607942139989	80
1607942139989	25
1607942139989	9
1607942139989	14
1607942139989	17
1607942139989	23
1607942139989	6
1607942139989	34
1607942139989	26
1607942139989	34
1607942139989	46
1607942139989	32
1607942139989	15
1607942139989	16
1607942139989	13
1607942139989	12
1607942139989	8
1607942139989	12
1607942139989	14
1607942139989	10
1607942139989	44
1607942139989	41
1607942139989	8
1607942139989	6
1607942139989	15
1607942139989	29
1607942139989	35
1607942139989	6
1607942139989	10
1607942139989	13
1607942139989	22
1607942139989	15
1607942139989	15
1607942139989	18
1607942139989	14
1607942139989	11
1607942139989	76
1607942139989	8
1607942139989	9
1607942139989	20
1607942139989	5
1607942139989	12
1607942139989	13
1607942139989	6
1607942139989	5
1607942139989	28
1607942139989	15
1607942139989	10
1607942139989	11
1607942139989	14
1607942139989	15
1607942139989	19
1607942139989	9
1607942139989	16
1607942139989	9
1607942139989	28
1607942139989	11
1607942139989	9
1607942139989	14
1607942139989	14
1607942139989	7
1607942139989	6
1607942139989	6
1607942139989	4
1607942139989	6
1607942139989	6
1607942139989	4
1607942139989	4
1607942139989	4
1607942139989	4
1607942139989	4
1607942139989	1
1607942139989	4
1607942139989	65
1607942139989	10
1607942139989	33
1607942139989	21
1607942139989	26
1607942139989	30
1607942139989	12
1607942139989	10
1607942139989	18
1607942139989	10
1607942139989	34
1607942139989	56
1607942139989	9
1607942139989	10
1607942139989	36
1607942139989	31
1607942139989	8
1607942139989	56
1607942139989	24
1607942139989	22
1607942140350	10
1607942140352	5
1607942140352	10
1607942140352	8
1607944645641	12
1607944645641	24
1607944645641	22
1607944645641	29
1607944645641	74
1607944645641	13
1607944645641	16
1607944645641	14
1607944645641	17
1607944645641	5
1607944645641	5
1607944645641	12
1607944645641	11
1607944645641	21
1607944645641	18
1607944645641	27
1607944645641	24
1607944645641	17
1607944645641	27
1607944645641	23
1607944645641	27
1607944645641	11
1607944645641	22
1607944645641	23
1607944645641	35
1607944645641	31
1607944645641	17
1607944645641	22
1607944645641	14
1607944645641	17
1607944645641	24
1607944645641	25
1607944645641	10
1607944645641	11
1607944645641	6
1607944645641	19
1607944645641	18
1607944645641	26
1607944645641	26
1607944645641	13
1607944645641	13
1607944645641	12
1607944645641	9
1607944645641	14
1607944645641	7
1607944645641	12
1607944645641	37
1607944645641	13
1607944645641	10
1607944645641	32
1607944645641	46
1607944645641	39
1607944645641	9
1607944645641	8
1607944645641	19
1607944645641	17
1607944645641	8
1607944645641	7
1607944645641	18
1607944645641	11
1607944645641	21
1607944645641	13
1607944645641	7
1607944645641	14
1607944645641	11
1607944645641	6
1607944645641	7
1607944645641	5
1607944645641	5
1607944645641	14
1607944645641	5
1607944645641	2
1607944645641	3
1607944645641	3
1607944645641	4
1607944645641	4
1607944645641	17
1607944645641	44
1607944645641	14
1607944645641	21
1607944645641	23
1607944645641	4
1607944645641	55
1607945317294	13
1607945317294	16
1607945317294	18
1607945317294	9
1607945317294	42
1607945317294	46
1607945317294	39
1607945317294	15
1607945317294	24
1607945317294	21
1607945317294	10
1607945317294	17
1607945317294	16
1607945317294	11
1607945317294	6
1607945317294	22
1607945317294	18
1607945317294	14
1607945317294	13
1607945317294	10
1607945317294	7
1607945317294	11
1607945317294	8
1607945317294	20
1607945317294	8
1607945317294	12
1607945317294	8
1607945317294	9
1607945317294	5
1607945317294	21
1607945317294	6
1607945317294	10
1607945317294	8
1607945317294	14
1607945317294	9
1607945317294	13
1607945317294	12
1607945317294	14
1607945317294	7
1607945317294	25
1607945317294	14
1607945317294	12
1607945317294	19
1607945317294	6
1607945317294	4
1607945317294	17
1607945317294	6
1607945317294	6
1607945317294	4
1607945317294	6
1607945317294	6
1607945317294	26
1607945317294	5
1607945317294	16
1607945317294	9
1607945317294	5
1607945317294	6
1607945317294	30
1607945317294	5
1607945317294	4
1607945317294	6
1607945317294	5
1607945317294	2
1607945317294	10
1607945317294	4
1607945317294	9
1607945317294	4
1607945317294	4
1607945317294	4
1607945317294	4
1607945317294	3
1607945317294	3
1607945317294	4
1607945317294	3
1607945317294	2
1607945317294	2
1607945317294	15
1607945317294	9
1607945317294	9
1607945317294	16
1607945317294	44
1607945317294	17
1607945317294	36
1607945317294	6
1607945317294	6
1607945317294	3
1607945317294	1
1607945317294	10
1607945317294	1
1607945317294	6
1607945317294	4
1607945317294	1
1607945317294	4
1607945446456	5
1607945446456	36
1607945446456	13
1607945446456	24
1607945446456	16
1607945446456	42
1607945446456	9
1607945446456	18
1607945446456	46
1607945446456	21
1607945446456	22
1607945446456	10
1607945446456	39
1607945446456	15
1607945446456	16
1607945446456	11
1607945446456	18
1607945446456	6
1607945446456	31
1607945446456	8
1607945446456	34
1607945446456	34
1607945446456	29
1607945446456	8
1607945446456	20
1607945446456	11
1607945446456	6
1607945446456	8
1607945446456	7
1607945446456	18
1607945446456	14
1607945446456	9
1607945446456	23
1607945446456	5
1607945446456	19
1607945446456	10
1607945446456	12
1607945446456	8
1607945446456	21
1607945446456	8
1607945446456	10
1607945446456	9
1607945446456	9
1607945446456	14
1607945446456	29
1607945446456	13
1607945446456	9
1607945446456	12
1607945446456	7
1607945446456	12
1607945446456	25
1607945446456	9
1607945446456	13
1607945446456	4
1607945446456	6
1607945446456	19
1607945446456	14
1607945446456	4
1607945446456	17
1607945446456	16
1607945446456	5
1607945446456	10
1607945446456	14
1607945446456	6
1607945446456	6
1607945446456	18
1607945446456	9
1607945446456	30
1607945446456	6
1607945446456	4
1607945446456	6
1607945446456	5
1607945446456	2
1607945446456	7
1607945446456	26
1607945446456	34
1607945446456	23
1607945446456	5
1607945446456	10
1607945446456	16
1607945446456	5
1607945446456	4
1607945446456	6
1607945446456	5
1607945446456	12
1607945446456	10
1607945446456	6
1607945446456	2
1607945446456	4
1607945446456	4
1607945446456	9
1607945446456	4
1607945446456	4
1607945446456	3
1607945446456	4
1607945446456	3
1607945446456	4
1607945446456	2
1607945446456	3
1607945446456	3
1607945446456	2
1607945446456	2
1607945446456	15
1607945446456	9
1607945446456	9
1607945446456	3
1607945446456	44
1607945446456	6
1607945446456	17
1607945446456	6
1607945446456	3
1607945446456	2
1607945446456	10
1607945446456	1
1607945446456	4
1607945446456	6
1607945446456	4
1607945446456	3
1607945446456	4
1607945446456	1
1607945446456	4
1607945603627	13
1607945603627	16
1607945603627	24
1607945603627	9
1607945603627	42
1607945603627	18
1607945603627	46
1607945603627	21
1607945603627	10
1607945603627	22
1607945603627	18
1607945603627	17
1607945603627	15
1607945603627	39
1607945603627	16
1607945603627	11
1607945603627	34
1607945603627	29
1607945603627	31
1607945603627	8
1607945603627	14
1607945603627	34
1607945603627	20
1607945603627	6
1607945603627	8
1607945603627	8
1607945603627	23
1607945603627	10
1607945603627	20
1607945603627	7
1607945603627	14
1607945603627	11
1607945603627	21
1607945603627	9
1607945603627	18
1607945603627	12
1607945603627	8
1607945603627	10
1607945603627	13
1607945603627	30
1607945603627	8
1607945603627	15
1607945603627	23
1607945603627	14
1607945603627	19
1607945603627	6
1607945603627	16
1607945603627	9
1607945603627	29
1607945603627	13
1607945603627	9
1607945603627	19
1607945603627	12
1607945603627	9
1607945603627	12
1607945603627	5
1607945603627	6
1607945603627	13
1607945603627	6
1607945603627	9
1607945603627	4
1607945603627	5
1607945603627	7
1607945603627	14
1607945603627	4
1607945603627	13
1607945603627	25
1607945603627	16
1607945603627	17
1607945603627	6
1607945603627	6
1607945603627	10
1607945603627	14
1607945603627	18
1607945603627	4
1607945603627	9
1607945603627	4
1607945603627	6
1607945603627	2
1607945603627	24
1607945603627	7
1607945603627	26
1607945603627	34
1607945603627	23
1607945603627	5
1607945603627	5
1607945603627	10
1607945603627	5
1607945603627	16
1607945603627	30
1607945603627	9
1607945603627	11
1607945603627	6
1607945603627	5
1607945603627	4
1607945603627	5
1607945603627	12
1607945603627	10
1607945603627	6
1607945603627	6
1607945603627	2
1607945603627	4
1607945603627	4
1607945603627	9
1607945603627	4
1607945603627	4
1607945603627	3
1607945603627	4
1607945603627	3
1607945603627	2
1607945603627	4
1607945603627	3
1607945603627	3
1607945603627	2
1607945603627	2
1607945603627	15
1607945603627	9
1607945603627	9
1607945603627	3
1607945603627	16
1607945603627	44
1607945603627	6
1607945603627	17
1607945603627	6
1607945603627	3
1607945603627	1
1607945603627	6
1607945603627	2
1607945603627	10
1607945603627	1
1607945603627	2
1607945603627	4
1607945603627	4
1607945603627	3
1607945603627	4
1607945603627	1
1607945603627	4
1607945780520	13
1607945780520	5
1607945780520	9
1607945780520	46
1607945780520	7
1607945780520	12
1607945780520	12
1607945780520	10
1607945780520	26
1607945780520	26
1607945780520	13
1607945780520	10
1607945780520	32
1607945780520	18
1607945780520	11
1607945780520	17
1607945780520	22
1607945780520	6
1607945780520	19
1607945780520	25
1607945780520	23
1607945780520	17
1607945780520	35
1607945780520	31
1607945780520	24
1607945780520	24
1607945780520	13
1607945780520	24
1607945780520	22
1607945780520	20
1607945780520	29
1607945780520	74
1607945780520	13
1607945780520	22
1607945780520	16
1607945780520	73
1607945780520	14
1607945780520	17
1607945780520	5
1607945780520	5
1607945780520	12
1607945780520	21
1607945780520	11
1607945780520	18
1607945780520	42
1607945780520	27
1607945780520	27
1607945780520	17
1607945780520	27
1607945780520	11
1607945780520	55
1607945780520	4
1607945780520	23
1607945780520	21
1607945780520	44
1607945780520	14
1607945780520	17
1607945780520	12
1607945780520	4
1607945780520	4
1607945780520	3
1607945780520	3
1607945780520	2
1607945780520	5
1607945780520	14
1607945780520	5
1607945780520	7
1607945780520	14
1607945780520	5
1607945780520	6
1607945780520	11
1607945780520	14
1607945780520	7
1607945780520	19
1607945780520	13
1607945780520	23
1607945780520	18
1607945780520	21
1607945780520	8
1607945780520	11
1607945780520	7
1607945780520	8
1607945780520	8
1607945780520	14
1607945780520	39
1607945780520	37
1607945780520	9
1607945780520	17
1607946207582	8
1607946207582	4
1607946207582	3
1607946207582	3
1607946207582	3
1607946207582	3
1607946207582	3
1607946207582	3
1607946207582	3
1607946207582	3
1607946207582	11
1607946207582	35
1607946207582	9
1607946207582	36
1607946207582	40
1607946207582	9
1607946207582	26
1607946207582	47
1607946207582	23
1607946207582	42
1607946207582	6
1607946207582	59
1607946207582	8
1607946207582	11
1607946207582	24
1607946207582	34
1607946207582	53
1607946207582	45
1607946207582	67
1607946207582	68
1607946207582	48
1607946207582	17
1607946207582	28
1607946207582	53
1607946207582	56
1607946207582	11
1607946207582	5
1607946207582	41
1607946207582	19
1607946207582	20
1607946207582	8
1607946207582	12
1607946207582	3
1607946207582	4
1607946207582	4
1607946207582	1
1607946207582	15
1607946207582	8
1607946207582	8
1607946207582	7
1607946207582	12
1607946207582	6
1607946207582	21
1607946207582	15
1607946207582	8
1607946207582	12
1607946207582	27
1607946207582	8
1607946207582	8
1607946207582	16
1607946207582	12
1607946207582	8
1607946207582	25
1607946207582	27
1607946207582	17
1607946207582	23
1607946207582	25
1607946207582	5
1607946207582	10
1607946207582	39
1607946207582	20
1607946207582	9
1607946207582	10
1607946207582	9
1607946207582	8
1607946207582	15
1607946207582	9
1607946207582	17
1607946207582	10
1607946207582	17
1607946207582	11
1607946207582	9
1607946207582	25
1607946207582	7
1607946207582	21
1607946207582	29
1607946207582	59
1607946207582	12
1607946207582	29
1607946207582	27
1607946207582	11
1607946207582	22
1607946207582	12
1607946207582	12
1607946207582	24
1607946207582	14
1607946207582	28
1607946207582	27
1607946207582	21
1607946207582	28
1607946207582	10
1607946207582	17
1607946207582	30
1607946207582	12
1607946207582	16
1607946207582	30
1607946207582	26
1607946207582	12
1607946207582	12
1607946207582	9
1607946207582	14
1607946207582	8
1607946207582	42
1607946207582	20
1607946207582	6
1607946207582	22
1607946207582	40
1607946207582	18
1607946207582	20
1607946207582	16
1607946207582	20
1607946207582	8
1607946207582	11
1607946207582	17
1607946207582	12
1607946207582	14
1607946207582	30
1607946207582	11
1607946207582	23
1607946207582	15
1607946207582	9
1607946207582	34
1607946207582	41
1607946207582	14
1607946207582	33
1607946207582	36
1607946207582	19
1607946207582	30
1607946207582	33
1607946207582	27
1607946207582	35
1607946207582	52
1607946207582	36
1607946207582	38
1607946207582	19
1607946207582	79
1607946207582	15
1607946207582	76
1607946207582	56
1607946207582	13
1607946207582	42
1607946207582	15
1607946207582	5
1607946207582	21
1607946207582	33
1607946207582	13
1607946207582	15
1607946207582	20
1607946207582	19
1607946207582	27
1607946207582	15
1607946207582	35
1607946207582	13
1607946207582	9
1607946207582	1
1607946207582	4
1607946207582	3
1607946207582	4
1607946207582	4
1607946207582	4
1607946207582	4
1607946207582	3
1607946207582	4
1607946207582	4
1607946207582	4
1607946207582	4
1607946207582	4
1607946207582	4
1607946207582	5
1607946207582	8
1607946207582	4
1607946207582	5
1607946207582	6
1607946207582	6
1607946207582	11
1607946207582	10
1607946207582	6
1607946207582	7
1607946207582	6
1607946207582	5
1607946207582	13
1607946207582	15
1607946207582	6
1607946207582	6
1607946207582	14
1607946207582	14
1607946207582	17
1607946207582	32
1607946207582	20
1607946207582	14
1607946207582	16
1607946207582	12
1607946207582	9
1607946207582	7
1607946207582	12
1607946207582	9
1607946207582	6
1607946207582	11
1607946207582	12
1607946207582	10
1607946207582	18
1607946207582	14
1607946207582	36
1607946207582	31
1607946207582	17
1607946207582	15
1607946207582	18
1607946207582	7
1607946207582	6
1607946207582	8
1607946207582	24
1607946207582	17
1607946207582	5
1607946207582	5
1607946207582	16
1607946207582	7
1607946207582	10
1607946207582	21
1607946207582	12
1607946207582	36
1607946207582	10
1607946207582	12
1607946207582	30
1607946207582	5
1607946207582	6
1607946207582	9
1607946207582	10
1607946207582	9
1607946207582	8
1607946207582	30
1607946207582	15
1607946207582	9
1607946207582	12
1607946207582	5
1607946207582	13
1607946207582	9
1607946207582	10
1607946207582	15
1607946207582	12
1607946207582	9
1607946207582	7
1607946207582	6
1607946207582	12
1607946207582	25
1607946207582	9
1607946207582	10
1607946207582	28
1607946207582	7
1607946207582	6
1607946207582	22
1607946207582	18
1607946207582	13
1607946207582	22
1607946207582	6
1607946207582	17
1607946207582	21
1607946207582	47
1607946207582	31
1607946207582	40
1607946207582	14
1607946207582	23
1607946207582	9
1607946207582	15
1607946207582	19
1607946207582	10
1607946207582	12
1607946207582	40
1607946207582	21
1607946207582	27
1607946207582	16
1607946207582	15
1607946207582	9
1607946207582	26
1607946207582	36
1607946207582	29
1607946207582	5
1607946207582	9
1607946207582	17
1607946207582	32
1607946207582	21
1607946207582	11
1607946207582	9
1607946207582	18
1607946207582	20
1607946207582	23
1607946207582	16
1607946207582	21
1607946207582	21
1607946207582	31
1607946207582	12
1607946207582	16
1607946207582	24
1607946207582	13
1607946207582	12
1607946207582	23
1607946207582	27
1607946207582	28
1607946207582	23
1607946207582	13
1607946207582	25
1607946207582	29
1607946207582	11
1607946207582	11
1607946207582	47
1607946207582	17
1607946207582	17
1607946207582	17
1607946207582	27
1607946207582	16
1607946207582	10
1607946207582	19
1607946207582	7
1607946207582	33
1607946207582	23
1607946207582	44
1607946207582	11
1607946207582	38
1607946207582	16
1607946207582	18
1607946207582	17
1607946207582	12
1607946207582	5
1607946207582	5
1607946207582	30
1607946207582	33
1607946207582	7
1607946207582	41
1607946207582	38
1607946207582	9
1607946207582	15
1607946207582	33
1607946207582	13
1607946207582	40
1607946207582	28
1607946207582	20
1607946207582	29
1607946207582	35
1607946207582	50
1607946207582	20
1607946207582	14
1607946207582	20
1607946207582	48
1607946207582	25
1607946207582	19
1607946207582	23
1607946207582	17
1607946207582	50
1607946207582	22
1607946207582	21
1607946207582	31
1607946207582	27
1607946207582	13
1607946207582	31
1607946207582	43
1607946207582	34
1607946207582	35
1607946207582	36
1607946207582	42
1607946207582	26
1607946207582	18
1607946207582	31
1607946207582	14
1607946207582	36
1607946207582	18
1607946207582	98
1607946207582	20
1607946207582	42
1607946207582	61
1607946207582	52
1607946207582	22
1607946207582	92
1607946207582	21
1607946207582	30
1607946207582	15
1607946207582	23
1607946207582	28
1607946207582	19
1607946207582	16
1607946207582	26
1607946207582	19
1607946243018	14
1607946243018	22
1607946243018	16
1607946768647	1
1607946768647	24
1607946768647	36
1607946768647	10
1607946768647	13
1607946768647	16
1607946768647	42
1607946768647	9
1607946768647	18
1607946768647	46
1607946768647	22
1607946768647	21
1607946768647	18
1607946768647	15
1607946768647	11
1607946768647	6
1607946768647	34
1607946768647	19
1607946768647	24
1607946768647	16
1607946768647	34
1607946768647	8
1607946768647	7
1607946768647	21
1607946768647	31
1607946768647	29
1607946768647	8
1607946768647	23
1607946768647	14
1607946768647	21
1607946768647	23
1607946768647	20
1607946768647	20
1607946768647	11
1607946768647	8
1607946768647	15
1607946768647	18
1607946768647	7
1607946768647	15
1607946768647	30
1607946768647	29
1607946768647	9
1607946768647	7
1607946768647	16
1607946768647	31
1607946768647	13
1607946768647	12
1607946768647	14
1607946768647	8
1607946768647	26
1607946768647	10
1607946768647	6
1607946768647	10
1607946768647	11
1607946768647	9
1607946768647	29
1607946768647	19
1607946768647	8
1607946768647	23
1607946768647	21
1607946768647	14
1607946768647	13
1607946768647	12
1607946768647	13
1607946768647	9
1607946768647	6
1607946768647	12
1607946768647	12
1607946768647	7
1607946768647	12
1607946768647	9
1607946768647	14
1607946768647	5
1607946768647	25
1607946768647	13
1607946768647	9
1607946768647	19
1607946768647	6
1607946768647	9
1607946768647	7
1607946768647	4
1607946768647	4
1607946768647	15
1607946768647	25
1607946768647	14
1607946768647	13
1607946768647	6
1607946768647	18
1607946768647	6
1607946768647	10
1607946768647	4
1607946768647	17
1607946768647	5
1607946768647	14
1607946768647	18
1607946768647	4
1607946768647	16
1607946768647	9
1607946768647	2
1607946768647	6
1607946768647	9
1607946768647	5
1607946768647	9
1607946768647	4
1607946768647	6
1607946768647	35
1607946768647	9
1607946768647	5
1607946768647	7
1607946768647	30
1607946768647	24
1607946768647	12
1607946768647	11
1607946768647	23
1607946768647	26
1607946768647	9
1607946768647	10
1607946768647	2
1607946768647	34
1607946768647	5
1607946768647	16
1607946768647	4
1607946768647	6
1607946768647	5
1607946768647	4
1607946768647	5
1607946768647	6
1607946768647	10
1607946768647	3
1607946768647	9
1607946768647	4
1607946768647	4
1607946768647	3
1607946768647	3
1607946768647	4
1607946768647	3
1607946768647	2
1607946768647	4
1607946768647	3
1607946768647	3
1607946768647	4
1607946768647	2
1607946768647	2
1607946768647	15
1607946768647	9
1607946768647	9
1607946768647	3
1607946768647	16
1607946768647	7
1607946768647	44
1607946768647	6
1607946768647	90
1607946768647	17
1607946768647	6
1607946768647	3
1607946768647	1
1607946768647	24
1607946768647	6
1607946768647	2
1607946768647	10
1607946768647	5
1607946768647	3
1607946768647	1
1607946768647	2
1607946768647	4
1607946768647	42
1607946768647	10
1607946768647	4
1607946768647	3
1607946768647	1
1607946768647	4
1607946768647	4
1607946952029	24
1607946952029	36
1607946952029	10
1607946952029	13
1607946952029	16
1607946952029	42
1607946952029	9
1607946952029	18
1607946952029	46
1607946952029	22
1607946952029	21
1607946952029	18
1607946952029	11
1607946952029	6
1607946952029	34
1607946952029	15
1607946952029	19
1607946952029	24
1607946952029	7
1607946952029	34
1607946952029	16
1607946952029	21
1607946952029	31
1607946952029	8
1607946952029	14
1607946952029	8
1607946952029	21
1607946952029	20
1607946952029	29
1607946952029	23
1607946952029	23
1607946952029	11
1607946952029	20
1607946952029	8
1607946952029	7
1607946952029	30
1607946952029	15
1607946952029	29
1607946952029	18
1607946952029	9
1607946952029	15
1607946952029	12
1607946952029	8
1607946952029	16
1607946952029	31
1607946952029	6
1607946952029	26
1607946952029	10
1607946952029	10
1607946952029	13
1607946952029	14
1607946952029	11
1607946952029	21
1607946952029	9
1607946952029	8
1607946952029	23
1607946952029	19
1607946952029	12
1607946952029	13
1607946952029	14
1607946952029	13
1607946952029	29
1607946952029	7
1607946952029	6
1607946952029	12
1607946952029	7
1607946952029	12
1607946952029	9
1607946952029	12
1607946952029	9
1607946952029	14
1607946952029	5
1607946952029	25
1607946952029	13
1607946952029	19
1607946952029	6
1607946952029	4
1607946952029	7
1607946952029	9
1607946952029	9
1607946952029	4
1607946952029	14
1607946952029	25
1607946952029	13
1607946952029	18
1607946952029	15
1607946952029	6
1607946952029	4
1607946952029	6
1607946952029	10
1607946952029	17
1607946952029	14
1607946952029	5
1607946952029	4
1607946952029	18
1607946952029	16
1607946952029	2
1607946952029	6
1607946952029	9
1607946952029	9
1607946952029	4
1607946952029	9
1607946952029	6
1607946952029	35
1607946952029	5
1607946952029	24
1607946952029	5
1607946952029	26
1607946952029	9
1607946952029	30
1607946952029	9
1607946952029	12
1607946952029	7
1607946952029	11
1607946952029	2
1607946952029	10
1607946952029	23
1607946952029	4
1607946952029	34
1607946952029	5
1607946952029	6
1607946952029	4
1607946952029	5
1607946952029	16
1607946952029	5
1607946952029	6
1607946952029	3
1607946952029	10
1607946952029	9
1607946952029	4
1607946952029	4
1607946952029	3
1607946952029	3
1607946952029	4
1607946952029	3
1607946952029	2
1607946952029	4
1607946952029	3
1607946952029	3
1607946952029	4
1607946952029	2
1607946952029	2
1607946952029	15
1607946952029	9
1607946952029	9
1607946952029	3
1607946952029	16
1607946952029	7
1607946952029	44
1607946952029	6
1607946952029	17
1607946952029	90
1607946952029	6
1607946952029	3
1607946952029	1
1607946952029	24
1607946952029	6
1607946952029	2
1607946952029	10
1607946952029	5
1607946952029	1
1607946952029	3
1607946952029	2
1607946952029	4
1607946952029	42
1607946952029	10
1607946952029	4
1607946952029	3
1607946952029	4
1607946952029	1
1607946952029	1
1607946952029	4
1607947625361	13
1607947625361	10
1607947625361	39
1607947625361	13
1607947625361	42
1607947625361	9
1607947625361	18
1607947625361	46
1607947625361	17
1607947625361	22
1607947625361	21
1607947625361	18
1607947625361	19
1607947625361	6
1607947625361	11
1607947625361	34
1607947625361	15
1607947625361	24
1607947625361	34
1607947625361	21
1607947625361	31
1607947625361	7
1607947625361	14
1607947625361	8
1607947625361	21
1607947625361	16
1607947625361	23
1607947625361	8
1607947625361	23
1607947625361	20
1607947625361	20
1607947625361	24
1607947625361	29
1607947625361	11
1607947625361	8
1607947625361	15
1607947625361	29
1607947625361	30
1607947625361	7
1607947625361	18
1607947625361	9
1607947625361	31
1607947625361	12
1607947625361	16
1607947625361	15
1607947625361	8
1607947625361	26
1607947625361	13
1607947625361	10
1607947625361	10
1607947625361	11
1607947625361	8
1607947625361	6
1607947625361	23
1607947625361	21
1607947625361	14
1607947625361	9
1607947625361	19
1607947625361	13
1607947625361	29
1607947625361	7
1607947625361	14
1607947625361	12
1607947625361	12
1607947625361	12
1607947625361	6
1607947625361	7
1607947625361	13
1607947625361	9
1607947625361	12
1607947625361	14
1607947625361	9
1607947625361	5
1607947625361	25
1607947625361	13
1607947625361	7
1607947625361	9
1607947625361	19
1607947625361	6
1607947625361	4
1607947625361	9
1607947625361	4
1607947625361	25
1607947625361	15
1607947625361	14
1607947625361	18
1607947625361	6
1607947625361	17
1607947625361	6
1607947625361	10
1607947625361	4
1607947625361	5
1607947625361	14
1607947625361	18
1607947625361	4
1607947625361	16
1607947625361	2
1607947625361	6
1607947625361	9
1607947625361	9
1607947625361	6
1607947625361	4
1607947625361	5
1607947625361	5
1607947625361	6
1607947625361	26
1607947625361	9
1607947625361	35
1607947625361	9
1607947625361	24
1607947625361	9
1607947625361	7
1607947625361	30
1607947625361	12
1607947625361	11
1607947625361	23
1607947625361	10
1607947625361	2
1607947625361	34
1607947625361	4
1607947625361	5
1607947625361	6
1607947625361	4
1607947625361	16
1607947625361	5
1607947625361	5
1607947625361	6
1607947625361	10
1607947625361	3
1607947625361	9
1607947625361	4
1607947625361	4
1607947625361	3
1607947625361	3
1607947625361	4
1607947625361	3
1607947625361	2
1607947625361	4
1607947625361	3
1607947625361	4
1607947625361	3
1607947625361	2
1607947625361	2
1607947625361	15
1607947625361	9
1607947625361	9
1607947625361	3
1607947625361	16
1607947625361	7
1607947625361	44
1607947625361	6
1607947625361	17
1607947625361	90
1607947625361	6
1607947625361	3
1607947625361	1
1607947625361	6
1607947625361	2
1607947625361	10
1607947625361	5
1607947625361	1
1607947625361	3
1607947625361	2
1607947625361	4
1607947625361	42
1607947625361	10
1607947625361	4
1607947625361	3
1607947625361	1
1607947625361	4
1607947625361	1
1607947625361	4
1607947793250	10
1607947793250	39
1607947793250	13
1607947793250	42
1607947793250	9
1607947793250	18
1607947793250	46
1607947793250	17
1607947793250	22
1607947793250	18
1607947793250	21
1607947793250	19
1607947793250	6
1607947793250	11
1607947793250	34
1607947793250	15
1607947793250	24
1607947793250	21
1607947793250	34
1607947793250	14
1607947793250	31
1607947793250	8
1607947793250	7
1607947793250	21
1607947793250	23
1607947793250	8
1607947793250	20
1607947793250	23
1607947793250	16
1607947793250	20
1607947793250	29
1607947793250	11
1607947793250	8
1607947793250	29
1607947793250	24
1607947793250	7
1607947793250	18
1607947793250	15
1607947793250	30
1607947793250	9
1607947793250	12
1607947793250	8
1607947793250	31
1607947793250	15
1607947793250	26
1607947793250	10
1607947793250	10
1607947793250	16
1607947793250	13
1607947793250	11
1607947793250	9
1607947793250	14
1607947793250	8
1607947793250	23
1607947793250	21
1607947793250	19
1607947793250	13
1607947793250	6
1607947793250	29
1607947793250	14
1607947793250	12
1607947793250	7
1607947793250	12
1607947793250	12
1607947793250	6
1607947793250	9
1607947793250	13
1607947793250	12
1607947793250	7
1607947793250	14
1607947793250	9
1607947793250	25
1607947793250	5
1607947793250	7
1607947793250	13
1607947793250	19
1607947793250	4
1607947793250	9
1607947793250	6
1607947793250	4
1607947793250	9
1607947793250	25
1607947793250	14
1607947793250	15
1607947793250	13
1607947793250	18
1607947793250	6
1607947793250	17
1607947793250	6
1607947793250	10
1607947793250	4
1607947793250	5
1607947793250	14
1607947793250	18
1607947793250	4
1607947793250	16
1607947793250	2
1607947793250	9
1607947793250	6
1607947793250	9
1607947793250	4
1607947793250	5
1607947793250	6
1607947793250	9
1607947793250	24
1607947793250	5
1607947793250	6
1607947793250	26
1607947793250	9
1607947793250	35
1607947793250	7
1607947793250	30
1607947793250	9
1607947793250	12
1607947793250	10
1607947793250	2
1607947793250	23
1607947793250	11
1607947793250	34
1607947793250	4
1607947793250	5
1607947793250	6
1607947793250	4
1607947793250	5
1607947793250	6
1607947793250	5
1607947793250	16
1607947793250	10
1607947793250	3
1607947793250	9
1607947793250	4
1607947793250	4
1607947793250	3
1607947793250	4
1607947793250	3
1607947793250	3
1607947793250	2
1607947793250	4
1607947793250	3
1607947793250	3
1607947793250	4
1607947793250	2
1607947793250	2
1607947793250	15
1607947793250	9
1607947793250	9
1607947793250	3
1607947793250	16
1607947793250	7
1607947793250	44
1607947793250	6
1607947793250	17
1607947793250	90
1607947793250	6
1607947793250	3
1607947793250	1
1607947793250	6
1607947793250	2
1607947793250	10
1607947793250	5
1607947793250	1
1607947793250	3
1607947793250	2
1607947793250	4
1607947793250	42
1607947793250	10
1607947793250	4
1607947793250	3
1607947793250	4
1607947793250	1
1607947793250	1
1607947793250	4
1607947890071	10
1607947890071	39
1607947890071	13
1607947890071	42
1607947890071	9
1607947890071	18
1607947890071	17
1607947890071	46
1607947890071	22
1607947890071	18
1607947890071	21
1607947890071	19
1607947890071	6
1607947890071	11
1607947890071	34
1607947890071	24
1607947890071	15
1607947890071	21
1607947890071	34
1607947890071	31
1607947890071	14
1607947890071	7
1607947890071	8
1607947890071	21
1607947890071	23
1607947890071	8
1607947890071	16
1607947890071	23
1607947890071	20
1607947890071	20
1607947890071	11
1607947890071	8
1607947890071	29
1607947890071	29
1607947890071	18
1607947890071	7
1607947890071	15
1607947890071	9
1607947890071	24
1607947890071	12
1607947890071	31
1607947890071	8
1607947890071	30
1607947890071	10
1607947890071	15
1607947890071	26
1607947890071	16
1607947890071	13
1607947890071	10
1607947890071	11
1607947890071	14
1607947890071	23
1607947890071	21
1607947890071	8
1607947890071	9
1607947890071	19
1607947890071	6
1607947890071	29
1607947890071	13
1607947890071	14
1607947890071	12
1607947890071	12
1607947890071	9
1607947890071	6
1607947890071	12
1607947890071	7
1607947890071	12
1607947890071	7
1607947890071	13
1607947890071	14
1607947890071	9
1607947890071	25
1607947890071	5
1607947890071	7
1607947890071	13
1607947890071	4
1607947890071	9
1607947890071	6
1607947890071	4
1607947890071	9
1607947890071	25
1607947890071	14
1607947890071	19
1607947890071	13
1607947890071	15
1607947890071	18
1607947890071	6
1607947890071	6
1607947890071	17
1607947890071	4
1607947890071	10
1607947890071	5
1607947890071	14
1607947890071	4
1607947890071	18
1607947890071	16
1607947890071	2
1607947890071	9
1607947890071	6
1607947890071	4
1607947890071	9
1607947890071	5
1607947890071	5
1607947890071	6
1607947890071	24
1607947890071	6
1607947890071	9
1607947890071	26
1607947890071	30
1607947890071	7
1607947890071	9
1607947890071	9
1607947890071	35
1607947890071	12
1607947890071	2
1607947890071	23
1607947890071	10
1607947890071	11
1607947890071	34
1607947890071	4
1607947890071	6
1607947890071	5
1607947890071	4
1607947890071	5
1607947890071	6
1607947890071	16
1607947890071	5
1607947890071	10
1607947890071	3
1607947890071	9
1607947890071	4
1607947890071	4
1607947890071	3
1607947890071	4
1607947890071	3
1607947890071	3
1607947890071	2
1607947890071	4
1607947890071	3
1607947890071	3
1607947890071	4
1607947890071	2
1607947890071	2
1607947890071	15
1607947890071	9
1607947890071	9
1607947890071	3
1607947890071	16
1607947890071	7
1607947890071	44
1607947890071	6
1607947890071	17
1607947890071	90
1607947890071	6
1607947890071	3
1607947890071	1
1607947890071	6
1607947890071	2
1607947890071	10
1607947890071	5
1607947890071	1
1607947890071	3
1607947890071	2
1607947890071	4
1607947890071	42
1607947890071	10
1607947890071	4
1607947890071	3
1607947890071	4
1607947890071	1
1607947890071	1
1607947890071	4
1607948160206	4
1607948160206	10
1607948160206	39
1607948160206	13
1607948160206	21
1607948160206	42
1607948160206	9
1607948160206	17
1607948160206	18
1607948160206	46
1607948160206	22
1607948160206	18
1607948160206	19
1607948160206	21
1607948160206	6
1607948160206	34
1607948160206	11
1607948160206	24
1607948160206	15
1607948160206	21
1607948160206	34
1607948160206	31
1607948160206	14
1607948160206	7
1607948160206	8
1607948160206	21
1607948160206	8
1607948160206	23
1607948160206	16
1607948160206	23
1607948160206	20
1607948160206	20
1607948160206	29
1607948160206	11
1607948160206	8
1607948160206	30
1607948160206	29
1607948160206	24
1607948160206	7
1607948160206	18
1607948160206	15
1607948160206	9
1607948160206	31
1607948160206	12
1607948160206	15
1607948160206	10
1607948160206	8
1607948160206	26
1607948160206	16
1607948160206	13
1607948160206	11
1607948160206	10
1607948160206	23
1607948160206	14
1607948160206	21
1607948160206	8
1607948160206	9
1607948160206	19
1607948160206	6
1607948160206	29
1607948160206	13
1607948160206	14
1607948160206	12
1607948160206	12
1607948160206	12
1607948160206	9
1607948160206	13
1607948160206	6
1607948160206	7
1607948160206	12
1607948160206	7
1607948160206	9
1607948160206	14
1607948160206	25
1607948160206	5
1607948160206	4
1607948160206	7
1607948160206	13
1607948160206	6
1607948160206	4
1607948160206	9
1607948160206	9
1607948160206	14
1607948160206	25
1607948160206	19
1607948160206	15
1607948160206	13
1607948160206	18
1607948160206	6
1607948160206	6
1607948160206	17
1607948160206	4
1607948160206	10
1607948160206	5
1607948160206	14
1607948160206	4
1607948160206	18
1607948160206	16
1607948160206	2
1607948160206	9
1607948160206	6
1607948160206	4
1607948160206	9
1607948160206	5
1607948160206	6
1607948160206	9
1607948160206	6
1607948160206	24
1607948160206	7
1607948160206	5
1607948160206	9
1607948160206	26
1607948160206	30
1607948160206	35
1607948160206	9
1607948160206	12
1607948160206	2
1607948160206	23
1607948160206	10
1607948160206	4
1607948160206	34
1607948160206	11
1607948160206	6
1607948160206	4
1607948160206	5
1607948160206	5
1607948160206	6
1607948160206	16
1607948160206	5
1607948160206	10
1607948160206	3
1607948160206	9
1607948160206	4
1607948160206	4
1607948160206	3
1607948160206	4
1607948160206	3
1607948160206	3
1607948160206	2
1607948160206	4
1607948160206	3
1607948160206	3
1607948160206	2
1607948160206	2
1607948160206	15
1607948160206	9
1607948160206	9
1607948160206	3
1607948160206	16
1607948160206	7
1607948160206	44
1607948160206	6
1607948160206	17
1607948160206	90
1607948160206	6
1607948160206	3
1607948160206	1
1607948160206	6
1607948160206	2
1607948160206	5
1607948160206	10
1607948160206	1
1607948160206	3
1607948160206	2
1607948160206	4
1607948160206	42
1607948160206	10
1607948160206	4
1607948160206	3
1607948160206	1
1607948160206	4
1607948160206	1
1607948160206	4
1607948346857	39
1607948346857	13
1607948346857	21
1607948346857	42
1607948346857	9
1607948346857	17
1607948346857	18
1607948346857	46
1607948346857	22
1607948346857	18
1607948346857	19
1607948346857	6
1607948346857	21
1607948346857	34
1607948346857	11
1607948346857	24
1607948346857	15
1607948346857	21
1607948346857	34
1607948346857	31
1607948346857	14
1607948346857	8
1607948346857	7
1607948346857	23
1607948346857	8
1607948346857	21
1607948346857	23
1607948346857	16
1607948346857	20
1607948346857	20
1607948346857	29
1607948346857	30
1607948346857	11
1607948346857	8
1607948346857	29
1607948346857	7
1607948346857	24
1607948346857	18
1607948346857	15
1607948346857	9
1607948346857	31
1607948346857	12
1607948346857	10
1607948346857	15
1607948346857	26
1607948346857	8
1607948346857	16
1607948346857	13
1607948346857	11
1607948346857	23
1607948346857	10
1607948346857	21
1607948346857	8
1607948346857	14
1607948346857	6
1607948346857	9
1607948346857	19
1607948346857	13
1607948346857	29
1607948346857	14
1607948346857	12
1607948346857	12
1607948346857	6
1607948346857	12
1607948346857	13
1607948346857	7
1607948346857	7
1607948346857	9
1607948346857	12
1607948346857	9
1607948346857	14
1607948346857	25
1607948346857	5
1607948346857	4
1607948346857	13
1607948346857	7
1607948346857	4
1607948346857	6
1607948346857	9
1607948346857	9
1607948346857	14
1607948346857	25
1607948346857	19
1607948346857	13
1607948346857	18
1607948346857	15
1607948346857	6
1607948346857	17
1607948346857	6
1607948346857	4
1607948346857	10
1607948346857	5
1607948346857	14
1607948346857	4
1607948346857	18
1607948346857	16
1607948346857	2
1607948346857	9
1607948346857	6
1607948346857	4
1607948346857	9
1607948346857	5
1607948346857	26
1607948346857	6
1607948346857	6
1607948346857	9
1607948346857	7
1607948346857	5
1607948346857	24
1607948346857	9
1607948346857	30
1607948346857	2
1607948346857	9
1607948346857	12
1607948346857	23
1607948346857	35
1607948346857	10
1607948346857	4
1607948346857	34
1607948346857	6
1607948346857	11
1607948346857	4
1607948346857	5
1607948346857	5
1607948346857	6
1607948346857	16
1607948346857	5
1607948346857	10
1607948346857	3
1607948346857	9
1607948346857	4
1607948346857	4
1607948346857	3
1607948346857	4
1607948346857	3
1607948346857	3
1607948346857	2
1607948346857	4
1607948346857	3
1607948346857	3
1607948346857	10
1607948346857	4
1607948346857	2
1607948346857	2
1607948346857	15
1607948346857	9
1607948346857	9
1607948346857	3
1607948346857	16
1607948346857	7
1607948346857	44
1607948346857	6
1607948346857	17
1607948346857	90
1607948346857	6
1607948346857	3
1607948346857	1
1607948346857	6
1607948346857	2
1607948346857	5
1607948346857	10
1607948346857	1
1607948346857	3
1607948346857	2
1607948346857	4
1607948346857	42
1607948346857	10
1607948346857	4
1607948346857	3
1607948346857	1
1607948346857	4
1607948346857	1
1607948346857	4
1607948368065	10
1607948368065	39
1607948368065	13
1607948368065	21
1607948368065	42
1607948368065	9
1607948368065	17
1607948368065	18
1607948368065	46
1607948368065	22
1607948368065	18
1607948368065	19
1607948368065	6
1607948368065	21
1607948368065	34
1607948368065	11
1607948368065	24
1607948368065	15
1607948368065	21
1607948368065	34
1607948368065	31
1607948368065	14
1607948368065	8
1607948368065	7
1607948368065	23
1607948368065	8
1607948368065	21
1607948368065	23
1607948368065	16
1607948368065	20
1607948368065	20
1607948368065	29
1607948368065	30
1607948368065	11
1607948368065	8
1607948368065	29
1607948368065	7
1607948368065	24
1607948368065	18
1607948368065	15
1607948368065	9
1607948368065	31
1607948368065	12
1607948368065	10
1607948368065	15
1607948368065	26
1607948368065	8
1607948368065	16
1607948368065	13
1607948368065	11
1607948368065	23
1607948368065	10
1607948368065	21
1607948368065	8
1607948368065	14
1607948368065	6
1607948368065	9
1607948368065	19
1607948368065	13
1607948368065	29
1607948368065	14
1607948368065	12
1607948368065	12
1607948368065	6
1607948368065	12
1607948368065	13
1607948368065	7
1607948368065	7
1607948368065	9
1607948368065	12
1607948368065	9
1607948368065	14
1607948368065	25
1607948368065	5
1607948368065	4
1607948368065	13
1607948368065	7
1607948368065	4
1607948368065	6
1607948368065	9
1607948368065	9
1607948368065	14
1607948368065	25
1607948368065	19
1607948368065	13
1607948368065	18
1607948368065	15
1607948368065	6
1607948368065	17
1607948368065	6
1607948368065	4
1607948368065	10
1607948368065	5
1607948368065	14
1607948368065	4
1607948368065	18
1607948368065	16
1607948368065	2
1607948368065	9
1607948368065	6
1607948368065	4
1607948368065	9
1607948368065	5
1607948368065	26
1607948368065	6
1607948368065	6
1607948368065	9
1607948368065	7
1607948368065	5
1607948368065	24
1607948368065	9
1607948368065	30
1607948368065	2
1607948368065	9
1607948368065	12
1607948368065	23
1607948368065	35
1607948368065	10
1607948368065	4
1607948368065	34
1607948368065	6
1607948368065	11
1607948368065	4
1607948368065	5
1607948368065	5
1607948368065	6
1607948368065	16
1607948368065	5
1607948368065	10
1607948368065	3
1607948368065	9
1607948368065	4
1607948368065	4
1607948368065	3
1607948368065	4
1607948368065	3
1607948368065	3
1607948368065	2
1607948368065	4
1607948368065	3
1607948368065	3
1607948368065	4
1607948368065	2
1607948368065	2
1607948368065	15
1607948368065	9
1607948368065	9
1607948368065	3
1607948368065	16
1607948368065	7
1607948368065	44
1607948368065	6
1607948368065	17
1607948368065	90
1607948368065	6
1607948368065	3
1607948368065	1
1607948368065	6
1607948368065	2
1607948368065	5
1607948368065	10
1607948368065	1
1607948368065	3
1607948368065	2
1607948368065	4
1607948368065	42
1607948368065	10
1607948368065	4
1607948368065	3
1607948368065	1
1607948368065	4
1607948368065	1
1607948368065	4
1607948422098	6
1607948422098	10
1607948422098	39
1607948422098	21
1607948422098	13
1607948422098	42
1607948422098	9
1607948422098	18
1607948422098	46
1607948422098	22
1607948422098	18
1607948422098	34
1607948422098	6
1607948422098	21
1607948422098	11
1607948422098	24
1607948422098	15
1607948422098	34
1607948422098	31
1607948422098	7
1607948422098	8
1607948422098	21
1607948422098	8
1607948422098	23
1607948422098	16
1607948422098	20
1607948422098	20
1607948422098	29
1607948422098	8
1607948422098	11
1607948422098	30
1607948422098	7
1607948422098	18
1607948422098	24
1607948422098	9
1607948422098	10
1607948422098	26
1607948422098	12
1607948422098	13
1607948422098	8
1607948422098	23
1607948422098	8
1607948422098	14
1607948422098	21
1607948422098	9
1607948422098	19
1607948422098	6
1607948422098	10
1607948422098	13
1607948422098	29
1607948422098	14
1607948422098	12
1607948422098	13
1607948422098	12
1607948422098	6
1607948422098	9
1607948422098	7
1607948422098	12
1607948422098	9
1607948422098	14
1607948422098	5
1607948422098	4
1607948422098	13
1607948422098	4
1607948422098	7
1607948422098	6
1607948422098	9
1607948422098	14
1607948422098	25
1607948422098	13
1607948422098	15
1607948422098	19
1607948422098	18
1607948422098	6
1607948422098	6
1607948422098	17
1607948422098	10
1607948422098	14
1607948422098	5
1607948422098	4
1607948422098	18
1607948422098	2
1607948422098	16
1607948422098	9
1607948422098	6
1607948422098	4
1607948422098	26
1607948422098	5
1607948422098	9
1607948422098	6
1607948422098	9
1607948422098	9
1607948422098	7
1607948422098	24
1607948422098	30
1607948422098	2
1607948422098	9
1607948422098	12
1607948422098	35
1607948422098	23
1607948422098	11
1607948422098	4
1607948422098	10
1607948422098	34
1607948422098	4
1607948422098	6
1607948422098	5
1607948422098	5
1607948422098	6
1607948422098	16
1607948422098	5
1607948422098	5
1607948422098	10
1607948422098	9
1607948422098	4
1607948422098	4
1607948422098	3
1607948422098	4
1607948422098	3
1607948422098	2
1607948422098	4
1607948422098	3
1607948422098	3
1607948422098	2
1607948422098	2
1607948422098	15
1607948422098	9
1607948422098	9
1607948422098	7
1607948422098	44
1607948422098	6
1607948422098	17
1607948422098	6
1607948422098	3
1607948422098	1
1607948422098	19
1607948422098	21
1607948422098	14
1607948422098	23
1607948422098	15
1607948422098	31
1607948422098	15
1607948422098	11
1607948422098	7
1607948422098	25
1607948422098	9
1607948422098	4
1607948422098	2
1607948422098	6
1607948422098	10
1607948422098	3
1607948422098	1
1607948422098	3
1607948422098	2
1607948422098	4
1607948422098	3
1607948422098	17
1607948422098	29
1607948422098	42
1607948422098	16
1607948422098	12
1607948422098	10
1607948422098	4
1607948422098	3
1607948422098	5
1607948422098	3
1607948422098	1
1607948422098	4
1607948422098	1
1607948422098	4
1607948422098	4
1607948422098	16
1607948422098	90
1607948605018	13
1607948605018	21
1607948605018	42
1607948605018	9
1607948605018	17
1607948605018	18
1607948605018	46
1607948605018	22
1607948605018	18
1607948605018	19
1607948605018	6
1607948605018	10
1607948605018	21
1607948605018	34
1607948605018	11
1607948605018	24
1607948605018	15
1607948605018	21
1607948605018	34
1607948605018	31
1607948605018	14
1607948605018	8
1607948605018	7
1607948605018	23
1607948605018	21
1607948605018	16
1607948605018	20
1607948605018	20
1607948605018	29
1607948605018	30
1607948605018	11
1607948605018	8
1607948605018	29
1607948605018	7
1607948605018	24
1607948605018	18
1607948605018	15
1607948605018	9
1607948605018	31
1607948605018	12
1607948605018	10
1607948605018	15
1607948605018	26
1607948605018	8
1607948605018	16
1607948605018	13
1607948605018	11
1607948605018	8
1607948605018	6
1607948605018	8
1607948605018	23
1607948605018	14
1607948605018	19
1607948605018	9
1607948605018	10
1607948605018	6
1607948605018	13
1607948605018	29
1607948605018	7
1607948605018	12
1607948605018	12
1607948605018	9
1607948605018	12
1607948605018	7
1607948605018	14
1607948605018	9
1607948605018	25
1607948605018	5
1607948605018	4
1607948605018	9
1607948605018	14
1607948605018	13
1607948605018	19
1607948605018	6
1607948605018	17
1607948605018	10
1607948605018	5
1607948605018	16
1607948605018	6
1607948605018	4
1607948605018	26
1607948605018	9
1607948605018	6
1607948605018	30
1607948605018	4
1607948605018	3
1607948605018	4
1607948605018	2
1607948605018	9
1607948605018	9
1607948605018	44
1607948605018	23
1607948605018	21
1607948605018	14
1607948605018	12
1607948605018	6
1607948605018	4
1607948605018	13
1607948605018	4
1607948605018	7
1607948605018	6
1607948605018	25
1607948605018	6
1607948605018	12
1607948605018	6
1607948605018	4
1607948605018	4
1607948605018	39
1607948726570	9
1607948726570	10
1607948726570	39
1607948726570	13
1607948726570	21
1607948726570	42
1607948726570	9
1607948726570	17
1607948726570	18
1607948726570	46
1607948726570	22
1607948726570	18
1607948726570	19
1607948726570	6
1607948726570	21
1607948726570	34
1607948726570	11
1607948726570	24
1607948726570	15
1607948726570	21
1607948726570	34
1607948726570	31
1607948726570	14
1607948726570	8
1607948726570	7
1607948726570	23
1607948726570	21
1607948726570	16
1607948726570	20
1607948726570	20
1607948726570	29
1607948726570	30
1607948726570	11
1607948726570	8
1607948726570	29
1607948726570	7
1607948726570	24
1607948726570	18
1607948726570	15
1607948726570	9
1607948726570	31
1607948726570	12
1607948726570	10
1607948726570	15
1607948726570	26
1607948726570	8
1607948726570	16
1607948726570	13
1607948726570	11
1607948726570	8
1607948726570	6
1607948726570	8
1607948726570	23
1607948726570	14
1607948726570	19
1607948726570	9
1607948726570	10
1607948726570	6
1607948726570	13
1607948726570	29
1607948726570	7
1607948726570	12
1607948726570	13
1607948726570	12
1607948726570	9
1607948726570	12
1607948726570	7
1607948726570	14
1607948726570	9
1607948726570	25
1607948726570	5
1607948726570	4
1607948726570	9
1607948726570	9
1607948726570	14
1607948726570	13
1607948726570	19
1607948726570	15
1607948726570	18
1607948726570	4
1607948726570	6
1607948726570	17
1607948726570	10
1607948726570	5
1607948726570	14
1607948726570	18
1607948726570	16
1607948726570	2
1607948726570	6
1607948726570	9
1607948726570	4
1607948726570	26
1607948726570	5
1607948726570	9
1607948726570	6
1607948726570	6
1607948726570	9
1607948726570	30
1607948726570	23
1607948726570	35
1607948726570	11
1607948726570	4
1607948726570	10
1607948726570	4
1607948726570	16
1607948726570	10
1607948726570	5
1607948726570	10
1607948726570	3
1607948726570	3
1607948726570	4
1607948726570	4
1607948726570	1
1607948726570	3
1607948726570	3
1607948726570	2
1607948726570	2
1607948726570	4
1607948726570	15
1607948726570	9
1607948726570	3
1607948726570	7
1607948726570	44
1607948726570	23
1607948726570	42
1607948726570	21
1607948726570	14
1607948726570	12
1607948726570	6
1607948726570	10
1607948726570	4
1607948726570	13
1607948726570	4
1607948726570	7
1607948726570	6
1607948726570	25
1607948726570	6
1607948726570	4
1607948726570	2
1607948726570	3
1607948726570	9
1607948726570	7
1607948726570	24
1607948726570	5
1607948726570	2
1607948726570	12
1607948726570	9
1607948726570	34
1607948726570	6
1607948726570	5
1607948726570	5
1607948726570	6
1607948726570	5
1607948726570	9
1607948726570	4
1607948726570	4
1607948726570	3
1607948726570	3
1607948726570	2
1607948726570	1
1607948726570	4
1607948726570	3
1607948726570	1
1607948726570	4
1607948726570	2
1607948726570	4
1607948726570	16
1607948726570	6
1607948726570	17
1607948726570	90
1607948726570	6
1607948726570	3
1607948726570	1
1607948981452	10
1607948981452	39
1607948981452	13
1607948981452	21
1607948981452	42
1607948981452	9
1607948981452	17
1607948981452	18
1607948981452	46
1607948981452	22
1607948981452	18
1607948981452	19
1607948981452	6
1607948981452	21
1607948981452	34
1607948981452	11
1607948981452	24
1607948981452	15
1607948981452	21
1607948981452	34
1607948981452	31
1607948981452	14
1607948981452	8
1607948981452	7
1607948981452	23
1607948981452	8
1607948981452	21
1607948981452	23
1607948981452	16
1607948981452	20
1607948981452	20
1607948981452	29
1607948981452	30
1607948981452	11
1607948981452	8
1607948981452	29
1607948981452	7
1607948981452	24
1607948981452	18
1607948981452	15
1607948981452	9
1607948981452	31
1607948981452	12
1607948981452	10
1607948981452	15
1607948981452	26
1607948981452	8
1607948981452	16
1607948981452	13
1607948981452	11
1607948981452	6
1607948981452	9
1607948981452	23
1607948981452	8
1607948981452	10
1607948981452	14
1607948981452	19
1607948981452	29
1607948981452	6
1607948981452	7
1607948981452	13
1607948981452	9
1607948981452	12
1607948981452	13
1607948981452	12
1607948981452	12
1607948981452	9
1607948981452	7
1607948981452	14
1607948981452	25
1607948981452	5
1607948981452	4
1607948981452	9
1607948981452	9
1607948981452	14
1607948981452	19
1607948981452	13
1607948981452	15
1607948981452	18
1607948981452	4
1607948981452	6
1607948981452	17
1607948981452	10
1607948981452	14
1607948981452	5
1607948981452	18
1607948981452	16
1607948981452	2
1607948981452	6
1607948981452	9
1607948981452	4
1607948981452	26
1607948981452	5
1607948981452	9
1607948981452	6
1607948981452	6
1607948981452	35
1607948981452	9
1607948981452	30
1607948981452	23
1607948981452	4
1607948981452	11
1607948981452	10
1607948981452	4
1607948981452	16
1607948981452	5
1607948981452	10
1607948981452	3
1607948981452	10
1607948981452	3
1607948981452	4
1607948981452	4
1607948981452	1
1607948981452	3
1607948981452	3
1607948981452	2
1607948981452	4
1607948981452	2
1607948981452	15
1607948981452	9
1607948981452	9
1607948981452	3
1607948981452	7
1607948981452	44
1607948981452	42
1607948981452	21
1607948981452	14
1607948981452	12
1607948981452	6
1607948981452	10
1607948981452	4
1607948981452	13
1607948981452	4
1607948981452	7
1607948981452	6
1607948981452	25
1607948981452	6
1607948981452	4
1607948981452	2
1607948981452	3
1607948981452	7
1607948981452	9
1607948981452	5
1607948981452	24
1607948981452	2
1607948981452	12
1607948981452	9
1607948981452	34
1607948981452	6
1607948981452	5
1607948981452	5
1607948981452	6
1607948981452	5
1607948981452	9
1607948981452	4
1607948981452	4
1607948981452	3
1607948981452	3
1607948981452	2
1607948981452	1
1607948981452	4
1607948981452	1
1607948981452	3
1607948981452	4
1607948981452	2
1607948981452	4
1607948981452	16
1607948981452	6
1607948981452	17
1607948981452	90
1607948981452	6
1607948981452	3
1607948981452	1
